177777
177627
176415
174373
010120
177462
175344
177446
176663
175522
176742
175616
000000
000205
164775
012617
173765
004535
174354
176633
003373
003263
177063
177453
177743
176561
174567
177014
002572
003210
001715
177255
175441
177767
167513
175166
002667
174735
000511
175771
000170
003223
000006
174212
002144
177567
177371
175760
176346
165274
001015
003640
004347
001265
002211
176576
000750
176567
176471
175023
174225
000105
001721
177704
175002
001560
177617
175747
177447
001235
175512
177344
177036
005300
176420
170163
000703
005171
175675
171001
000010
001726
174351
002566
177374
173473
172673
000777
176062
173464
176463
004772
003614
005154
171474
003675
175616
002077
170777
176712
175546
177360
174110
175741
001520
000452
002275
175050
003567
177321
001641
170745
004540
170030
001533
174324
003200
175650
174721
001502
003533
001532
176403
001330
176421
002512
177460
176151
001167
003567
177002
001262
000622
157510
167220
002751
001555
002675
177677
004453
007676
175541
011211
167125
003536
001405
161307
174223
007560
005203
003210
174022
172641
163405
176202
027700
014132
165403
174002
001670
012245
016215
016625
001526
005062
165375
173164
004527
164160
007177
170710
022707
167130
001046
172032
011351
176331
162241
001567
001535
155145
007774
003612
163325
165422
015462
014327
155135
153025
164052
165623
002520
174527
001414
007031
005014
023501
162443
177335
007662
177737
007334
002533
174677
006756
016432
005220
000322
176103
017656
013204
000044
000031
173361
003753
006070
171323
001426
005714
003072
017662
007433
150743
007431
001423
170573
014557
175531
164422
001135
156515
176773
175450
006046
177657
166276
025251
013753
170365
004551
017253
174461
171204
001561
173364
163122
034670
000222
032072
165344
154701
015704
017107
020260
001265
000473
167413
021570
173010
166315
163526
177442
172540
002346
010732
171600
170555
010663
171275
163641
171711
011302
176402
003166
177465
174343
152762
160571
165507
011301
173365
172336
011454
016705
170207
012316
170131
147623
166664
154726
015233
001514
006613
033131
006426
000266
007051
163146
176676
153707
001122
153034
034377
004514
007132
171232
027264
176763
170302
171446
171541
177222
004700
006416
167462
011035
175105
177416
174613
005072
002553
151255
003417
000315
172461
177237
005564
032720
170233
011034
170066
002755
015612
177250
003651
162510
014561
007703
177566
003154
154574
000271
176235
005074
175654
000605
172234
020733
163217
005701
002772
160046
014741
166576
025544
003111
004060
005122
177067
166475
021622
170221
003066
167611
171663
006763
000413
167666
005644
153061
007001
005026
000563
150123
154701
175144
005322
027461
016717
024304
005765
172003
163277
177371
175524
155151
173505
177100
002136
022310
007355
166146
177416
143217
035056
174350
167106
166216
176636
013714
004267
005637
170352
162540
175011
177206
037205
177744
027022
001600
015560
167670
171250
163356
004345
164776
171230
001572
175302
164267
147525
014073
007327
175100
003165
175065
021005
166307
002276
172034
175133
160416
015354
002526
177410
163232
001204
172360
016606
002413
014620
022702
175115
002172
161325
003476
176400
011607
020406
002347
165111
013532
167255
012545
023415
001377
177155
005410
011136
177017
017270
171503
163422
167377
176242
170164
000565
024651
003032
005254
006672
170131
164536
167432
170600
167227
014140
171562
176430
002264
175542
004136
001513
000636
003543
003762
150541
006515
000055
011211
164121
166664
170743
176104
001471
005104
001340
013266
007104
000137
177570
164312
166446
172234
001024
173516
177170
002234
011360
176041
002755
003753
000562
175717
157051
163712
003707
006464
004313
003252
177720
005550
004251
156621
012775
176372
174644
174501
003326
176252
174723
000075
176752
000220
005760
177614
002132
175722
176206
000023
177744
176031
177555
164762
171430
011255
006453
000412
162222
167022
000513
003035
000423
000055
003425
007457
177564
177347
176312
000546
000634
174600
154405
015642
006475
007524
170227
164632
002374
007672
003125
005354
000506
002601
000341
174003
173402
171300
172073
010404
176653
174217
014005
012355
177777
007205
005407
010715
003522
003340
166652
175322
174677
005715
003377
003400
002370
171776
167706
172724
013560
005434
166567
000471
007165
002401
176062
177645
002367
175525
176470
170106
177551
176225
172505
177174
002222
171614
170713
001341
002634
000066
176236
002115
175366
166236
004760
021726
026521
171255
165225
002550
017370
165256
177126
006102
003012
177615
003460
002611
176365
004321
176561
171044
001742
004313
001714
173021
010540
166317
176143
002701
014501
166375
176615
171650
006772
001766
171037
002540
173766
017602
166474
177432
010577
177344
003155
175711
170117
003263
006711
177176
175431
001316
177263
175124
167444
010154
000760
175743
016627
177576
003233
013020
163750
176720
174114
003315
163161
177445
172721
173512
006127
177154
006531
163515
